4.1252e+00 2.3405e+00
5.9207e+00 -3.6030e-01
5.5923e+00 -4.1146e+00
5.7326e+00 -2.3744e+00
6.7252e+00 -7.5167e-01
5.7871e+00 -3.9783e-01
3.7630e+00 -5.7133e-01
4.5305e+00 1.8523e+00
4.4881e+00 1.7024e+00
5.8683e+00 -6.6102e-01
4.6356e+00 -2.4033e+00
4.3686e+00 -2.1290e+00
5.7311e+00 -3.7665e+00
6.1649e+00 -2.3487e+00
5.9378e+00 -1.0150e+00
3.6089e+00 -8.4044e-01
5.2409e+00 5.4877e-01
5.6632e+00 4.1316e-01
5.2228e+00 -9.4210e-01
4.8765e+00 2.5011e-01
2.7500e+00 -1.5199e-01
5.0586e+00 5.5973e-01
4.5480e+00 -1.1949e+00
6.2557e+00 -1.2387e+00
7.6956e+00 -1.3746e+00
6.4710e+00 -3.2372e+00
2.7703e+00 -5.7309e-01
6.5760e+00 -2.0394e+00
5.1328e+00 1.2660e+00
5.1649e+00 1.2992e+00
6.4956e+00 -3.0614e+00
4.7660e+00 -6.2604e-01
6.4272e+00 -1.1577e+00
4.3882e+00 2.1244e+00
5.0140e+00 -2.3359e+00
3.0177e+00 -1.6770e+00
4.7723e+00 -5.6179e-01
6.6402e+00 1.7062e-01
3.5454e+00 -8.8999e-02
5.1168e+00 9.9106e-01
4.6215e+00 8.9896e-04
2.7580e+00 1.5071e+00
4.2391e+00 -1.1194e-01
4.8914e+00 9.5867e-01
4.9036e+00 -3.1319e-01
4.8549e+00 -1.0773e+00
5.8199e+00 -2.5442e-01
5.6463e+00 1.7950e+00
5.4521e+00 8.7307e-01
4.7826e+00 4.1718e+00
