3.1233e-01 4.7825e+00
2.6178e+00 5.6489e+00
1.3536e+00 4.7853e+00
-8.5354e-03 5.7792e+00
-2.3053e+00 5.4533e+00
-7.2336e-01 6.4866e+00
4.7148e-01 5.1251e+00
-7.3388e-01 5.1462e+00
1.2905e+00 3.8390e+00
1.2471e+00 3.9718e+00
6.9385e-01 3.4033e+00
7.5387e-01 5.8846e+00
1.6793e-01 3.8660e+00
1.0571e+00 6.9664e+00
-1.9941e-01 4.9127e+00
-7.4876e-01 4.1922e+00
-1.3824e+00 3.6700e+00
4.8921e-01 5.0264e+00
-5.5815e-01 6.2063e+00
-1.0633e+00 6.2063e+00
1.5578e+00 5.1835e+00
1.1019e+00 5.1734e+00
8.4389e-01 3.9746e+00
2.0864e+00 4.6377e+00
-1.1746e+00 6.4600e+00
1.1586e+00 5.8346e+00
-3.3244e-01 5.5723e+00
-9.7969e-03 5.8242e+00
-9.8364e-02 6.6612e+00
-2.1838e-01 4.9193e+00
-3.2393e-01 4.0592e+00
1.9829e+00 5.5048e+00
-9.8916e-01 4.4095e+00
-7.9365e-01 5.7100e+00
1.3755e+00 4.5550e+00
-2.9392e-01 4.0092e+00
-2.5774e-02 4.5066e+00
-4.6972e-01 5.5900e+00
1.6957e+00 6.1259e+00
-1.9981e-01 6.1300e+00
9.9428e-01 3.8663e+00
-6.9857e-01 5.4644e+00
-3.0842e-01 5.4997e+00
2.2225e-01 5.4026e+00
5.6047e-01 4.1322e+00
1.4190e+00 4.0528e+00
-1.5817e-01 6.5917e+00
6.5170e-01 6.6535e+00
-1.0252e+00 3.5998e+00
1.2047e+00 3.9466e+00
