    5.1363    7.4403
    3.8255    4.0749
    4.5018    8.3390
    4.7528    4.6947
    4.3203    4.5778
    6.1835    3.4453
    8.5898    3.6276
    3.1285    3.3494
    5.1815    5.6130
    2.9602    7.7661
    6.8420    5.9136
    6.9939    6.4795
    2.6488    7.3241
    7.7488    0.6707
    3.4660    4.7098
    5.3208    5.6114
    6.5541    6.2423
    5.2082    2.7399
    8.2466    3.2578
    8.8927    6.3695
    5.1956    4.7981
    2.3030    5.9580
    4.4838    3.3361
    3.8006    2.1702
    3.9185    6.3184
    3.4052    7.0669
    5.1106    7.8268
    7.9792    2.3462
    3.9876    2.6845
    4.6033    2.4472
    6.6496    4.9278
    6.7152    3.9339
    5.6867    7.2762
    6.4510    2.4798
    6.2314    1.9822
    4.4601    5.3556
    5.6065    7.0662
    4.5770    3.6095
    3.7274    2.8079
    5.8977    4.7414
    5.0954    2.1656
    4.7354    5.0300
    5.4126    6.4348
    6.3968    5.3771
    5.5557    1.6931
    5.2751    4.0702
    5.3957    4.4769
    5.0724    8.1412
    3.9047    6.5846
    6.1127    4.9011