    2.9278   -0.8616
   -2.3361    0.0169
   -0.7787    1.0709
    3.1586   -1.2466
    3.3594   -1.4090
    1.6332    3.7209
    1.0974   -1.3735
   -1.3106    0.4547
    1.6656    3.3133
   -1.8518   -0.9601
    1.2847    0.3064
    0.6302   -1.8487
    2.5476    0.5097
   -0.9523    0.8667
    1.4225    0.3983
    1.7736   -1.1231
   -2.0088    1.1672
    0.3494    2.0443
    3.5716   -4.8031
    0.2514   -2.5231
   -0.6901    0.8923
    1.0211   -1.3796
   -0.6151   -0.1935
    0.9909   -2.6166
   -0.3013   -1.2215
   -0.0410   -0.5831
    1.0304   -1.4887
    3.0462   -2.5037
    1.0104   -1.0299
    3.6859   -2.8726
   -4.5356    3.8046
   -1.0046   -1.0643
    0.5277    2.4854
   -1.8675    0.1916
   -2.8531   -1.0120
    1.3797   -1.4695
    1.3700    0.8381
    0.6471    1.3074
    0.8840   -0.1159
   -1.9466    1.2049
   -1.1129    1.3839
   -0.2385   -2.0687
   -1.5380   -0.2476
    0.7421   -3.0114
    5.2888   -2.7816
   -1.0783    1.8393
    1.4477    0.4850
   -2.3130    4.3186
    2.9953   -0.9508
   -2.1671   -2.3318